"XID","n_sessions","n_months","DaysDriving","Miles_n","Trips","TripMinutes_n","TripChains","MilesPerTrip_n","MinutesPerTrip_n","MilesPerChain_n","MinutesPerChain_n","Average_speed","LeftTurnCount","RightToLeftTurnRatio_n","TripsAMPeak","PercentTripsAMPeak_n","TripsPMPeak","PercentTripsPMPeak_n","TripsAtNight","PercentTripsAtNight_n","TripsLt15Miles","PercentDistLt15Miles_n","TripsVgt60","PercentTripsVgt60_n","SpeedingPer1000Miles","DecelerationPer1000Miles","LIFESATISFACTION","cog","phys","fati","socialrole","iso","info","emo","ins","dep","anx","ang","Age","GENDER","RACE_ETH","EDUCATION","INCOME","WORK","MARRIAGE","Site_BASSETT","Site_JHSPH","Site_UCDENVER","Site_UCSD","Site_UMTRI","EDUCATION_1st_to_8th_grade","EDUCATION_9th_to_12th_grade","EDUCATION_High_school_graduate","EDUCATION_Vocational_technical_business_or_trade_school_beyond_high_school","EDUCATION_Some_college_but_no_degree","EDUCATION_Associate_degree","EDUCATION_Bachelor_degree","EDUCATION_Master_professional_or_doctoral_degree","INCOME_Less_than_20K","INCOME_20K_to_49999","INCOME_50K_to_79999","INCOME_80K_to_99999","INCOME_100K_or_more","GENDER_Male","GENDER_Female","RACE_White","RACE_Black","RACE_American_Indian","RACE_Asian","RACE_Alaska_Native_Native_Hawaiian_Pacific_Islander","RACE_Other_Non_Hispanic","RACE_Hispanic","WORK_Not_working","WORK_Working","MARRIAGE_Married","MARRIAGE_Living_with_a_partner","MARRIAGE_Separated","MARRIAGE_Divorced","MARRIAGE_Widowed","MARRIAGE_Never_married"
1,0.0140408266910861,0.0185519243270423,-0.000285619825523523,0.0195843564209499,0.0166320325293019,0.0270766001682899,0.0262529584207951,0.00875620950402688,0.0136490578579774,-0.0141548865608062,-0.0137421604581963,-0.0109281972877399,0.0377979772110319,0.00786948524671789,-0.00557900406292719,-0.0209182036272986,0.0273821937883825,0.00987273883163749,0.0272009773027296,0.0165727292760093,0.0178908771255027,0.0146522445110308,0.012040606203793,0.00490745321455461,0.0162577854952677,0.000294502919763229,-0.0176471154866814,0.0213090083812264,0.0249470533561407,0.0100123896862754,0.0190243038215877,-0.0213592318504315,0.0000767290164787654,0.0120095002025898,-0.00172727995896873,0.00422865237926406,0.00522695328973577,-0.0039520595269132,0.00959304794693279,-0.0145853905170546,0.00328167639844613,0.0139453033911857,-0.017208009678161,-0.00872446365436075,0.00426418544207561,0.000669563458693846,-0.00877119115354008,0.00472017060071058,0.0184605586538301,-0.0145913965030808,-0.0286322710709703,-0.0106695984891025,-0.0151059492520409,0.0176125994726586,0.000813263225218514,0.00768723277206216,-0.00018114018248445,0.00437611270127891,-0.000809426703281986,0.0103594648916142,0.0209092626569443,-0.0240331278969381,-0.009900724775349,0.0145853905170546,-0.0145853905170546,-0.00509147975020626,0.00128955126485071,-0.0028365547801885,0.000836818114969267,0.0213171445501493,0.0302711778340305,-0.0171578042265376,0.00872446365436074,-0.00872446365436075,-0.00317150038885068,-0.000842632548452529,0.0151472134613273,-0.000663444312320429,-0.0111953107263479,0.0195493986390343
0.0140408266910861,1,0.891627270972425,0.0597496882318579,0.0469794031564564,0.0459507138383283,0.0150630976456855,0.0216077467911662,0.0266166246327633,-0.0217596724195132,0.016476904435407,-0.0190259991434434,0.0776900033667606,0.0143319335761158,-0.0333301845705475,0.0443656484425479,0.0262397998613742,0.00222923130514059,-0.0209879737949797,0.0148329069400277,-0.00800342106083832,0.0347588116341476,-0.0300965695252836,0.0362300228671663,0.0251312829831169,0.0115828644560218,-0.0440776034592944,0.0787661207654246,0.00214562022435714,-0.0839476163039442,-0.0344978605076633,-0.0324399995070385,-0.0176601479596387,0.0147472139108348,0.0000654613477092476,0.020506410066559,0.0232103033684386,0.00550449182581943,0.0127864461513978,-0.0223241410604735,-0.0122386349592215,-0.0277042647265018,0.0781961976610089,0.0620156187729167,0.0254295222413321,-0.00468015888013387,0.02681883938596,-0.0272765468071165,-0.103560121623329,0.0332927829782655,0.0676999150201587,-0.000446009352034265,-0.0519309599172479,-0.0247729621872463,-0.015900821896656,-0.0383402034574108,-0.0282661650988064,0.00701716019918173,0.0683035728449309,-0.0441180659930289,-0.041146891211368,-0.00250885218658561,0.0277658800113763,0.0362210687492224,0.0122386349592215,-0.0122386349592215,0.0412361449037618,-0.0364723011362639,-0.027496897717548,0.00847731257066207,-0.0169876494260567,0.0136187313798111,-0.026810575278512,-0.025429522241332,0.0254295222413321,0.00673752897976606,0.00330738758373857,0.0170837903798952,-0.0158962857510671,-0.0148477296655075,0.0237775872175027
0.0185519243270423,0.891627270972425,1,0.0810469611085704,0.0470087072614105,0.0556502756588676,0.0111397212861139,0.0282577714318771,0.0208202937132614,-0.0382997681610052,0.0118791182002277,-0.0254651129699651,0.0803790587182398,0.0192576916215914,-0.029929902280485,0.0400702461923514,0.0173128993192903,0.0112102192696361,-0.0195902391748544,-0.000876370329680197,-0.030705723835278,0.0463888091966527,-0.0220459083819462,0.0488300186432923,0.0305423829676882,0.0206063071672744,-0.0353366928056718,0.0868838353051118,-0.000525817321166004,-0.0770979857637137,-0.0402491910195909,-0.0370248356302586,-0.0322055142221516,0.0259507076333526,0.00235591613334502,0.0141860844625949,0.0219386044935353,0.00174248381566205,0.00612977149993351,-0.0132317428121087,-0.0270993488976315,-0.0408619152176266,0.0800186115781651,0.0670133870757914,0.00959291577899919,-0.0234868033573796,0.0233193446073952,-0.0384174592431389,-0.119143572737885,0.0526699187581273,0.078208450130893,-0.00690152263695134,-0.0415972161055753,-0.0227641875288559,-0.0263483903192092,-0.0529696329861232,-0.0155938600630412,0.0187301605696037,0.0627643001987405,-0.042011807359672,-0.0542031363629388,0.00597884226532978,0.0301185551715548,0.0372186014150695,0.0270993488976315,-0.0270993488976316,0.0533287882659091,-0.0396214108203449,-0.0311395836232833,-0.00105375239319768,-0.00964707995435514,0.00443012020984366,-0.0342736598136477,-0.00959291577899913,0.00959291577899919,0.0250168712184892,0.0073254162447468,0.00561074572792289,-0.02226959483596,-0.0326475169842345,0.0233857309259754
-0.000285619825523523,0.0597496882318579,0.0810469611085704,1,0.537693522810497,0.810276510565778,0.680511496459557,0.598273116115971,-0.0591164584663146,-0.0440820117819424,-0.0694689946612648,-0.0556820993581454,-0.0375749024798603,0.73874637600471,-0.0228647587073638,0.496430189109058,0.146988967875524,0.557557689800275,0.100029361815349,0.460064673436117,0.202342636367553,0.771012111938412,0.0771507868581279,0.281764780843386,-0.087619948595873,0.00535181538174136,0.0161216830602947,-0.0320799050493891,0.00591910160640956,-0.117970644068328,-0.0477718708583517,-0.021061197877704,-0.0518607069090715,-0.0306361508016499,-0.0266630317324935,0.00367053810000838,-0.00715615292612128,0.00507536882432359,0.0377431703152146,-0.0493340278552196,-0.00737603464573362,-0.000412789048399875,-0.0186004762621904,-0.049837512819481,0.126146251656147,0.0431374505860731,-0.0156985713663849,0.0450978378808832,-0.0424808976707719,-0.0478325762256696,0.0587024250269855,-0.00889931003952838,-0.0325774342602298,0.0135809230220354,-0.0374146135754563,0.0487263243890479,0.0313746998517796,-0.00853731790488979,-0.0303621896257403,-0.0395050810617123,0.0322696619994095,0.0575460757653293,0.0135017000237676,-0.0746521544219011,0.00737603464573362,-0.00737603464573364,-0.030847325211085,0.0679838325220485,0.0122240937839268,-0.0514651570480771,0.00183534384362292,-0.0471876086387649,0.0266761515762064,-0.126146251656147,0.126146251656147,-0.0335006023941231,-0.00930275717962475,-0.00990955399880411,0.018274426743092,0.00854181409459096,0.0474290383955317
0.0195843564209499,0.0469794031564564,0.0470087072614105,0.537693522810497,1,0.594945121176943,0.859076211000685,0.531014874328741,0.66950183172736,0.5289377082209,0.339633644217252,0.104535737210917,0.557838759874361,0.591760578690189,-0.0775469463329093,0.384142222730628,0.120007651431656,0.459763746799766,0.131211116982044,0.384813520809265,0.206991845704489,0.353046600230146,-0.563347019171694,0.524760628145869,0.260599787071514,0.141737479637724,-0.0983218396493334,0.0214746312425048,-0.122604066171424,-0.109647694079483,-0.0539120591837938,-0.0312245485117924,-0.0648237337146966,-0.0626183247049944,-0.0823622695322404,-0.0870944018292858,-0.0841881254913961,-0.0609825987390782,0.0152838007615447,-0.141289648274673,-0.114561906754343,-0.0431369656255096,0.0119633653220883,0.0533826031684786,0.140787738779511,-0.107498795507198,0.187526459599876,0.023503744174466,-0.103338156264536,-0.176320245675447,0.0638154283230721,-0.0261653501579876,-0.0220210104063378,-0.024177889753113,-0.0133842485380759,0.0399893346176349,0.0361705447903878,-0.0291622633905006,0.0044888736528302,-0.0638929142010873,-0.0497651419289894,0.0310535537801732,0.0512946231539305,0.00361400151836969,0.114561906754343,-0.114561906754343,0.043426485672619,-0.0126723522880026,0.0136559179627825,-0.0525473530756417,0.00526339071506888,-0.0455953322070043,-0.00593681562365616,-0.140787738779511,0.140787738779511,0.10020553719514,0.0178805482021964,-0.0325890684618165,-0.0577299527930727,-0.0473823859094442,-0.0576827253989046
0.0166320325293019,0.0459507138383283,0.0556502756588676,0.810276510565778,0.594945121176943,1,0.774502059763266,0.815544567693573,-0.123918895279827,-0.129845561614075,-0.219622826165998,-0.22870791460157,-0.055892279802625,0.828922521776407,-0.0519680287848009,0.599481227368846,0.12674972815721,0.713056560452112,0.108088516951496,0.579121705172329,0.213249066981998,0.93445069475101,0.0298445234245954,0.289524889875989,-0.131274699320413,0.0336759681143907,0.0113501825115792,-0.0221388897083635,-0.0079936329051679,-0.127645281143511,-0.0556897335895541,-0.0208226375563599,-0.0681179952050682,-0.0414670846921122,-0.0484943682230918,-0.0231821384951966,-0.0245767111796618,0.00123005208540692,0.0265467047571929,-0.0715329690139565,-0.0547293258359265,0.0310618674795077,-0.0315595250368581,-0.0383287817535752,0.10679421771896,-0.00575686182132566,0.0329759052155115,0.0481204401134382,-0.0644558817440938,-0.0489880795225199,0.0301044457317915,-0.0114134457334066,-0.0202672586216885,0.0162629319499652,-0.0294914774023978,0.0549297411452908,0.0354586252332718,-0.0158855252768322,-0.0374867946623992,-0.000416683860930279,0.0126623590054731,0.0315714227390913,0.0164936796041007,-0.0523605809122914,0.0547293258359265,-0.0547293258359265,-0.0804020691574741,0.110670187116527,0.0176953306659159,-0.0378133128647944,0.00635439591329384,-0.0249486330450548,0.034395360025563,-0.10679421771896,0.10679421771896,0.00959276917533537,0.00136031396174332,-0.0198932981101186,-0.00667183995002411,-0.00824032523114221,0.012041598511737
0.0270766001682899,0.0150630976456855,0.0111397212861139,0.680511496459557,0.859076211000685,0.774502059763266,1,0.692881008453644,0.359360763615703,0.475795392895532,0.0993902778110564,0.0601770292190217,0.11463369964594,0.827208456790426,-0.0536340655678267,0.468232021282264,0.106522390928675,0.627225780552473,0.187847795777302,0.567114063538362,0.308189874171618,0.623116103207036,-0.270274861817606,0.407868445886739,0.0745873197453939,0.0647371690317223,-0.0313815434194839,-0.0509643227352526,-0.0223019146438527,-0.0569675548552204,-0.0391464818889562,0.00808645576036168,-0.0757934370703237,-0.0464572675110706,-0.071922154289099,-0.0593959904509318,-0.0451379089611989,-0.0212618341043015,0.0225684647164928,-0.132956204778028,-0.0617029699985956,0.0325952570260845,-0.0422001196933858,-0.0130066510053834,0.145218448258333,-0.0291574918096536,-0.000763346971796322,0.168743387731905,-0.0341699960563747,-0.153476333368747,0.0174828193241202,-0.00461977557017216,0.00703940669132017,0.000576685639953949,-0.0246960968308731,0.0756113966607455,0.0517630820631212,-0.0508836341327388,-0.0305450785645195,-0.0182707002402741,-0.00618853616607834,0.0307236627390464,0.0342173395506304,-0.0408035393715021,0.0617029699985956,-0.0617029699985956,-0.130817761701452,0.188489547627627,0.0487615722385251,-0.0503548568805391,0.00960733003412749,-0.0455321766752578,0.0261242542018922,-0.145218448258333,0.145218448258333,0.0227928293408751,0.0114508960615315,-0.000422458501169341,-0.0076869816913857,-0.0209880746434479,-0.0163222175919396
0.0262529584207951,0.0216077467911662,0.0282577714318771,0.598273116115971,0.531014874328741,0.815544567693573,0.692881008453644,1,-0.0478165943453104,-0.0224316659313607,-0.485087887684934,-0.562632253146011,-0.039266095881613,0.715299212675105,-0.0803576774101259,0.439758325319613,0.0479535374283183,0.632996725101663,0.138737809820932,0.489129298848346,0.180362945849448,0.757129892932968,-0.00811399717027996,0.248342914321212,-0.0961660501117308,0.0134544484470215,-0.00263667364003475,-0.0900478685631405,0.0154222220724063,-0.0801756749229899,-0.0116703575338271,0.00738863973175033,-0.0470362686946419,0.0120026092589836,-0.000569876205563508,0.0331194813871691,0.00495835099574537,0.0109354574537537,0.0210387671261112,-0.103318184122126,0.00749645486677236,0.0768087031349806,-0.105475344247494,-0.126694835944096,0.137853251959024,0.0637759243884555,0.0541339631028437,0.110034796950599,-0.0849258744658728,-0.0834131634373711,0.00170193931603148,-0.00521749269712495,-0.00188324934954854,0.0500011987205554,0.00600466617972904,0.0827434162331959,0.0562459587545959,-0.0133874105723328,-0.106671394399582,0.0488758597392703,0.0772913639917397,0.0395230826119995,-0.0242197332555918,-0.10665158825971,-0.00749645486677236,0.00749645486677232,-0.160228763442992,0.18826865888924,0.0231979144371857,-0.0241063215167509,0.0141093645265349,0.00216770485169748,0.0470644605255907,-0.137853251959024,0.137853251959024,-0.0712024524424126,0.0191518914391921,0.0224814511468819,0.0437953531721474,0.0242252560188349,0.0232868541250034
0.00875620950402688,0.0266166246327633,0.0208202937132614,-0.0591164584663146,0.66950183172736,-0.123918895279827,0.359360763615703,-0.0478165943453104,1,0.815063843737777,0.651934864664685,0.341800359723095,0.784739304348539,-0.00611015569267794,-0.058459747258099,-0.0492518301764809,0.0403311968272719,-0.0597451780857796,0.0657668636503913,-0.0173287022311436,0.0750479659016847,-0.355201732999285,-0.768799756041983,0.37716665781675,0.476399289987323,0.148436686044498,-0.132499509172954,0.0645159161520419,-0.149097508364704,-0.0453491783946688,-0.0326721416762422,-0.0369929491019293,-0.0334848751116088,-0.0401782855322704,-0.067208951560738,-0.0886353068010539,-0.0871475754207774,-0.0868558326297627,-0.00680300600206935,-0.11314528894795,-0.112861551351935,-0.0800525612602973,0.0229379520775036,0.0926106927817321,0.099139298704855,-0.123244752541191,0.222548351423631,-0.00519061469497212,-0.0853714005537771,-0.184286938017065,0.0480095233934942,-0.0186252764570635,-0.0131109954905051,-0.0221789596341661,0.0202050621084414,0.00746204651761133,0.0131791434109112,-0.0452246269725255,0.0382026386021941,-0.0694384381954911,-0.0657601626347329,0.00635243276294664,0.0398833944368106,0.0512868174250153,0.112861551351935,-0.112861551351935,0.11827826565157,-0.103142342729065,0.0108173857792297,-0.0390009816358873,-0.00336511806905054,-0.0349028801916451,-0.0365048709159646,-0.099139298704855,0.099139298704855,0.110850418013519,0.0303606226002805,-0.0201047444246436,-0.0701632714071129,-0.055645800048514,-0.0657870224583851
0.0136490578579774,-0.0217596724195132,-0.0382997681610052,-0.0440820117819424,0.5289377082209,-0.129845561614075,0.475795392895532,-0.0224316659313607,0.815063843737777,1,0.515665799098387,0.438450285871579,0.324063755235209,0.130754299066263,-0.021654488100056,-0.0849726803093165,-0.0158914944103892,-0.00462726417281048,0.154719065666721,0.08633868190261,0.185269768526847,-0.28245916950099,-0.525489758651402,0.244784825648987,0.333224047248162,0.0615093754739079,-0.0749071130398731,-0.0273104234313236,-0.0280945423165112,0.0705236119072,0.0115499138668971,0.0323695069671331,-0.0355167567328354,-0.00980059886927745,-0.0522005581551297,-0.0622651546107714,-0.0442108626543767,-0.0406314843793338,0.00172347034841045,-0.108309079573073,-0.0381110810655709,-0.00718925209041991,-0.0332240490861824,0.0276096532300924,0.103508962791561,-0.0394831866483472,-0.0136198563356071,0.195890745136735,0.0273241423944615,-0.198435091922601,-0.0119321427734468,-0.000513328079237355,0.0277242133881936,-0.00193129859597246,0.00880567077421383,0.0512484773830653,0.0224920242375937,-0.0734368039146414,0.00622883236570529,-0.0270060320554139,-0.0250013343122423,0.0100142006383169,0.0251320606024118,0.0052747245575142,0.0381110810655709,-0.0381110810655709,-0.0660914748254851,0.115995235534198,0.0484146837134473,-0.034283958994072,0.00376554881126269,-0.0435653651665013,-0.010382522609817,-0.103508962791561,0.103508962791561,0.0224404124853488,0.0279162880988555,0.036463418362247,-0.0133370877999224,-0.0255923751206041,-0.0330926232889186
-0.0141548865608062,0.016476904435407,0.0118791182002277,-0.0694689946612648,0.339633644217252,-0.219622826165998,0.0993902778110564,-0.485087887684934,0.651934864664685,0.515665799098387,1,0.869585573108667,0.536254128388231,-0.147188272896921,0.0180593185017673,-0.0508297948143088,0.092547557838733,-0.179973003695563,-0.0275032819409859,-0.0872508714796417,0.0378320989692089,-0.355068968203116,-0.476446401685545,0.217297984255823,0.357934121103389,0.120796821416996,-0.0774216505792044,0.131929429157215,-0.132133517522804,-0.0364180774298927,-0.0739851588282995,-0.0647799549063701,-0.0347524197960795,-0.0619045271796905,-0.074015157533567,-0.112081977735226,-0.101601723517137,-0.0761919249650488,-0.0102019834347116,-0.0222966532683216,-0.151885353865124,-0.102367990365129,0.107923451104988,0.177255558422035,0.0173204112652684,-0.149321880537167,0.0867215332415501,-0.0604903889260094,-0.00832471881880719,-0.0682473675003627,0.0486871292634055,-0.0179796154948726,-0.0314117281649953,-0.0568179843130635,-0.0212873256875066,-0.0339822035831819,-0.0255559393237322,-0.0314888700325987,0.114137261488115,-0.109703325926093,-0.119995562249855,-0.0144780127349549,0.0686674364111345,0.113441484755398,0.151885353865124,-0.151885353865124,0.162563785098294,-0.153122027657338,0.0186508345882456,-0.0476899171643019,0.000361693850411243,-0.0366176675825164,-0.0481149017441155,-0.0173204112652684,0.0173204112652684,0.15432279989395,-0.0036469152129458,-0.0399188736893735,-0.104229570994019,-0.0668646927344609,-0.049641645225246
-0.0137421604581963,-0.0190259991434434,-0.0254651129699651,-0.0556820993581454,0.104535737210917,-0.22870791460157,0.0601770292190217,-0.562632253146011,0.341800359723095,0.438450285871579,0.869585573108667,1,0.107176572241628,-0.100299590932498,0.0719539733408593,-0.068560660201828,0.0629946610460392,-0.165328012974881,-0.00968472941938902,-0.0461523257001249,0.0767031964490632,-0.276000908266691,-0.194324241641094,0.0685521763538252,0.193936572971788,0.0464274164527702,-0.00757380923349393,0.0831842390786213,-0.0367806837807817,0.0414894315430423,-0.0417519147462724,-0.024068548141126,-0.0328520992932868,-0.0464177537529723,-0.0527012047432458,-0.0854788647174129,-0.0689918590227016,-0.0388168199431343,-0.00357165117191735,0.0196158654230734,-0.101364401139456,-0.0594144619995178,0.107200824384125,0.156826875947899,-0.019370252078352,-0.0898995503089161,-0.107328154831962,0.0297260969765701,0.0930443604710865,-0.0131800822046676,-0.000331932489657789,-0.00848317817581577,-0.0103816121880438,-0.0567812568632247,-0.0419602791303929,-0.0339768110884395,-0.0275892835744327,-0.0389802778905111,0.122209168861461,-0.0925905089654508,-0.101630550367237,-0.0261514489742319,0.067427253635413,0.101740885205922,0.101364401139456,-0.101364401139456,0.0677869949184154,-0.0444594114568841,0.0254048670669129,-0.0399738459023569,0.00245706889682083,-0.0366204859146173,-0.0291131073422135,0.019370252078352,-0.019370252078352,0.0983331486809028,-0.0100925248124587,-0.0182457610593649,-0.0713751642090607,-0.0495562521451608,-0.00849157928446052
-0.0109281972877399,0.0776900033667606,0.0803790587182398,-0.0375749024798603,0.557838759874361,-0.055892279802625,0.11463369964594,-0.039266095881613,0.784739304348539,0.324063755235209,0.536254128388231,0.107176572241628,1,-0.134132055580477,-0.0878894400927797,0.0148169899334027,0.0853111709975805,-0.093865112977559,-0.0573043192393114,-0.108651938426552,-0.0627660674094014,-0.268941971749636,-0.68461387490582,0.378379115998503,0.447113592729759,0.192411918880874,-0.138493049591887,0.141537438335396,-0.228120486859833,-0.150069834734754,-0.0734306219367341,-0.0960933237027573,-0.0282296394037423,-0.0649275105545414,-0.0717205336219888,-0.0950183988388813,-0.10835197999765,-0.106123447700015,-0.0173577767488512,-0.0775184523852173,-0.14118691556849,-0.130237474379993,0.0573982450555594,0.107811097815115,0.0558198003052521,-0.164336126482086,0.410219842394657,-0.208332418600508,-0.175177958364779,-0.109464796926454,0.076485999807197,-0.0235389304930325,-0.0426944381909582,-0.0269463640088294,0.0234292689844983,-0.0379931150917641,0.00790682224704331,0.000329628244931685,0.0439300701582712,-0.089295840381701,-0.0761610599972793,0.0196159428419872,0.0342250849981638,0.0608838639662727,0.14118691556849,-0.141186915568489,0.259527629146746,-0.276321827919213,-0.0280196195925636,-0.0364431726359717,-0.00518935941577397,-0.0264966998729205,-0.0510713862306001,-0.0558198003052521,0.0558198003052521,0.159800227863532,0.0198993349248139,-0.0597420890184722,-0.102379319375639,-0.063989757246969,-0.0809949046429698
0.0377979772110319,0.0143319335761158,0.0192576916215914,0.73874637600471,0.591760578690189,0.828922521776407,0.827208456790426,0.715299212675105,-0.00611015569267794,0.130754299066263,-0.147188272896921,-0.100299590932498,-0.134132055580477,1,-0.0821534448010201,0.509362742267789,0.114976538256305,0.634821288850157,0.151169992103722,0.574880231995068,0.285963396201502,0.80070414495442,0.0739953125410187,0.361183511071987,-0.00741967097766221,0.058374290739084,0.0573010936820622,-0.0323998440056334,0.0745042367688726,-0.0871686078091421,-0.0545170639841466,-0.0180420862560051,-0.0773954165575015,-0.0399146677369581,-0.055010085169721,-0.0310515148861423,-0.0191235462363793,0.000976246546577685,0.0190148404955862,-0.092305175221631,-0.046782788629775,0.0523123600667583,0.000257488632006186,0.019293845505104,0.121597083896681,-0.00457003554660377,-0.212211563718569,0.155931808207595,0.0202881428958878,-0.0119321811503581,0.0477209230873035,-0.0118824156467066,-0.0000603542753526986,-0.0401190451096142,-0.0427733836785326,0.0664273125945249,0.0422822217978537,-0.00652076970477712,-0.0251317240541152,-0.0350978481190924,-0.0127369458345534,0.0177843963596004,0.0111470152592332,0.00130733915842361,0.046782788629775,-0.0467827886297751,-0.138076248752377,0.172947889462381,0.0395039091436113,-0.021437845521024,0.0129047131307774,-0.0297218458575155,0.0340917715044171,-0.121597083896681,0.121597083896681,0.00196751869044501,-0.00181127709133653,0.0133672658332335,0.00781307784715993,-0.0163204696269699,0.00284656565611737
0.00786948524671789,-0.0333301845705475,-0.029929902280485,-0.0228647587073638,-0.0775469463329093,-0.0519680287848009,-0.0536340655678267,-0.0803576774101259,-0.058459747258099,-0.021654488100056,0.0180593185017673,0.0719539733408593,-0.0878894400927797,-0.0821534448010201,1,-0.0368909509385844,-0.0115111295048728,-0.0216439881074296,0.026340838232243,-0.038064498525613,-0.0187651475314545,-0.0239418814284981,0.0444333814005136,0.0102171120558172,0.0289732556763084,0.0760837843491054,0.0843916411712341,-0.0127561626622725,0.0609008237622136,0.0514369615327632,0.0119340523782331,0.000698134922494873,-0.00228813786439641,0.0201516579231149,0.027388392977582,0.00303185981531245,-0.0265998902375235,-0.0105422980470696,-0.0330176879107077,0.0785480498886366,-0.0107728318911315,0.033581599896903,0.037336240598452,0.0185338340201093,-0.012255217979993,-0.0220171049192239,-0.22257949833711,-0.271795983042958,0.360883648728014,0.0189847878689686,0.120191813111318,0.00617185154654447,-0.000344202193761858,-0.0474600162537434,0.00955137576955572,-0.0124819386310196,0.00358028585724313,0.0148029421616629,0.0181784909879381,0.00244537524755025,-0.00955892801019298,-0.0190518363022391,0.008261456150395,0.0186565837171778,0.0107728318911315,-0.0107728318911315,0.0255913294604199,-0.0749129895513272,-0.0105715347477849,0.0219365639065621,-0.0112710529259641,-0.0161013587217995,0.0643601836092578,0.012255217979993,-0.012255217979993,0.0168813313126441,0.00747086249003628,-0.00496393845751852,0.0119029362032314,-0.0438252116463364,0.00714373639527928
-0.00557900406292719,0.0443656484425479,0.0400702461923514,0.496430189109058,0.384142222730628,0.599481227368846,0.468232021282264,0.439758325319613,-0.0492518301764809,-0.0849726803093165,-0.0508297948143088,-0.068560660201828,0.0148169899334027,0.509362742267789,-0.0368909509385844,1,0.814754936683053,0.271079223194208,-0.163104936071852,0.248725508665818,0.0133053621341236,0.556690849466299,0.00243453630582691,0.223500544644419,-0.0291009927467945,0.00453735513834356,-0.0332292500826702,0.0960866713292255,-0.0544346225034903,-0.14945462344845,-0.0845219556740676,-0.083888470931678,-0.0816982874478251,-0.0539324200609611,-0.0704676954054168,-0.101451628744768,-0.0670358187667086,-0.0628971576330684,-0.0110102187220195,-0.0580263758392535,-0.0625096742630598,0.0257762435228086,0.0257543795724679,0.0862770246502233,0.145755537353632,-0.0714738303787147,0.0471096979595765,-0.0339183786054351,-0.0170114934458643,0.0433002648375831,-0.0388867161694361,0.00314523826907715,-0.0290978016047272,0.00244912134674128,-0.0369264025589154,-0.0114595375959284,0.0255001038814589,-0.0117579810606457,0.0228021438421948,-0.0593016129229123,-0.0700807693036593,0.0130589858268633,0.0384444388473437,0.045705496679333,0.0625096742630598,-0.0625096742630597,-0.014500632156847,0.00185066502044332,0.0399502506549516,-0.0281510403371548,-0.0105167798081043,-0.0228157119067489,0.0517570366781453,-0.145755537353632,0.145755537353632,0.0781165566771242,-0.0183281542370178,-0.03858610820696,-0.0461767927424074,-0.0146961842430858,-0.0431342048748435
-0.0209182036272986,0.0262397998613742,0.0173128993192903,0.146988967875524,0.120007651431656,0.12674972815721,0.106522390928675,0.0479535374283183,0.0403311968272719,-0.0158914944103892,0.092547557838733,0.0629946610460392,0.0853111709975805,0.114976538256305,-0.0115111295048728,0.814754936683053,1,-0.09906942440859,-0.286228189074801,-0.0414543120663045,-0.118404084406628,0.110189420202372,-0.0301479090931651,0.107439537014471,0.06274220596482,-0.0159903684041783,-0.0537417830226239,0.14733270719725,-0.0688537133518361,-0.138589820964842,-0.0862010874038682,-0.101844658248571,-0.0749462246199509,-0.0439192016253185,-0.0582990904184317,-0.111031459187096,-0.0774190442824512,-0.0817364219085296,-0.027421804016394,-0.0422521283966071,-0.0469122769479656,0.0119026619424087,0.0537064307382529,0.132577116909378,0.132228823016636,-0.0972700675635931,0.0430283967759503,-0.0836233496241725,0.0268521268406786,0.0940034970212165,-0.0777174037974143,-0.00319004823511489,-0.0232997780864287,-0.00320912027256011,-0.0267793324081073,-0.0589296675453512,0.0214701515960109,-0.00262176802303055,0.050388041906497,-0.0876193248293931,-0.0824770357504402,-0.00564656706900419,0.0257544374502275,0.0953089463446793,0.0469122769479656,-0.0469122769479657,0.0271141871947477,-0.0574309686878316,0.0297162351795581,-0.0102152012114286,-0.00897669237443078,-0.00561901866928933,0.0347103198747921,-0.132228823016636,0.132228823016636,0.105980134625631,-0.0194646510400829,-0.0400370399091322,-0.0693124573347131,-0.0283788693336501,-0.0446454991253817
0.0273821937883825,0.00222923130514059,0.0112102192696361,0.557557689800275,0.459763746799766,0.713056560452112,0.627225780552473,0.632996725101663,-0.0597451780857796,-0.00462726417281048,-0.179973003695563,-0.165328012974881,-0.093865112977559,0.634821288850157,-0.0216439881074296,0.271079223194208,-0.09906942440859,1,0.683350662116737,0.551962164142308,0.339524353256737,0.661489979853473,0.00536282413111861,0.234389688206249,-0.070831850174143,0.0625271549233798,0.0522023151131128,-0.085855876017635,-0.0053668236605802,-0.0716184459318891,-0.000307116267594077,0.0426939402567114,-0.0440022331119596,-0.0445304111580278,-0.041934459394552,0.00651689624027142,-0.00450019429773608,0.0166818304287702,0.0174173578709362,-0.123420954158855,-0.033854878595225,0.0481041880623812,0.018535681857347,-0.0185709780561084,0.187950338726304,0.033268121693715,-0.0354249774613581,0.0625573048718941,-0.0316781660938627,-0.0627558839446988,0.0651096029120729,-0.0233991507302214,-0.0514471127451079,-0.0159816667377508,-0.027816174613152,0.0351986850646941,0.0400378250871469,-0.00646949224330985,-0.0066568802918289,0.0129923290989296,0.00468844443083407,0.005300525434625,0.00778861538609294,-0.0203433031530474,0.033854878595225,-0.033854878595225,-0.1038946621346,0.129297832284017,0.000206833678390218,-0.0214686689123714,0.00883218578267059,0.0013725729922571,0.0316292196269349,-0.187950338726304,0.187950338726304,-0.0385545408628836,-0.00239341292874844,0.0160530040478911,0.0469667278782976,-0.00545658529866776,0.0119861963890995
0.00987273883163749,-0.0209879737949797,-0.0195902391748544,0.100029361815349,0.131211116982044,0.108088516951496,0.187847795777302,0.138737809820932,0.0657668636503913,0.154719065666721,-0.0275032819409859,-0.00968472941938902,-0.0573043192393114,0.151169992103722,0.026340838232243,-0.163104936071852,-0.286228189074801,0.683350662116737,1,0.260622576336465,0.340764959005983,0.0882724600401733,-0.0415999253857786,0.0926578943472543,0.0482101173538072,0.072675794235747,0.0543120005895003,-0.109701996375812,0.0238434118651101,0.0108270399966703,0.0740769998255515,0.110204246287438,0.0207146093354243,-0.035749196744321,-0.0188273043947774,0.0470895817086111,0.0132227369294864,0.0372736038759669,0.0240829994463491,-0.107927975460691,0.00784457855419122,0.0220571155936452,0.0838482202926261,0.0389164047060798,0.197907672302068,0.0357624865573734,-0.0901144035250966,0.0412785155799187,0.0121949411670074,-0.0544605209750764,0.0895182373000851,-0.0293918847727676,-0.0775519183147174,-0.0434280936290202,-0.0245051293825204,0.00552097670444016,-0.00810490778714111,-0.004314489111216,0.0592874504616279,0.00425421558611571,-0.0220651125022076,-0.0315419815438437,0.00562127126128166,0.0423346123125658,-0.00784457855419123,0.00784457855419122,-0.0355509334988181,0.0370621147214686,-0.0157158814987864,0.00636288485260361,0.00520998427426264,0.0141824817499441,0.00838698561131031,-0.197907672302068,0.197907672302068,-0.0499099318732368,0.000833084884686167,0.0433681276605502,0.0693694632296773,-0.0183372208586514,0.00320480062694491
0.0272009773027296,0.0148329069400277,-0.000876370329680197,0.460064673436117,0.384813520809265,0.579121705172329,0.567114063538362,0.489129298848346,-0.0173287022311436,0.08633868190261,-0.0872508714796417,-0.0461523257001249,-0.108651938426552,0.574880231995068,-0.038064498525613,0.248725508665818,-0.0414543120663045,0.551962164142308,0.260622576336465,1,0.853702444148101,0.555948379799187,0.0320041866306459,0.27366411648583,0.0381763412830912,0.0658884325267066,0.101777650949605,-0.0963695682695142,0.0322510473336128,-0.0415073168057622,0.00864913768170813,0.0469419311725803,-0.000359521962012764,0.00691525072916501,0.00931426286199778,0.0489101564155228,0.00476416581442441,0.0250063072219003,0.0234671097289926,-0.152015651761182,-0.0808116583376114,0.0815208033857815,0.00760084320132736,-0.0402270409094363,0.200495706187965,0.102463383712803,-0.114953005042063,0.20613359543252,-0.0427246497919225,-0.00367427428110547,-0.0447462206800666,-0.0231761309654582,-0.0304098822147665,-0.00157610539976559,-0.0323086475944311,0.0424921459481959,0.0187194431564625,-0.0324438213818648,0.00928039461242268,0.0254290150215597,0.0288992500816382,-0.000759286538604597,-0.0127305401020722,-0.0258604084834568,0.0808116583376114,-0.0808116583376115,-0.167212215820162,0.184535159982348,0.0277686443868287,-0.00206931391166131,0.0277818526968181,0.0133340336239587,0.0341690788396716,-0.200495706187965,0.200495706187965,-0.0926186706673616,-0.0130759204687716,0.0304853225753295,0.0593310885271387,0.00698310665399613,0.100050377637835
0.0165727292760093,-0.00800342106083832,-0.030705723835278,0.202342636367553,0.206991845704489,0.213249066981998,0.308189874171618,0.180362945849448,0.0750479659016847,0.185269768526847,0.0378320989692089,0.0767031964490632,-0.0627660674094014,0.285963396201502,-0.0187651475314545,0.0133053621341236,-0.118404084406628,0.339524353256737,0.340764959005983,0.853702444148101,1,0.204789137906021,-0.00492968607937494,0.227508213247589,0.157477943750491,0.0921938291975701,0.112020883847665,-0.0710331606926647,0.041494110047767,-0.0244234817338981,0.0231171240797455,0.0564445639448984,0.0235386096478437,-0.00438569680575181,0.00475865810725964,0.0470913265404394,0.0052074883043303,0.0202133030045424,0.0160740997026171,-0.147359088643124,-0.0800927476356812,0.0710622226190309,0.0657650323450045,0.0160476516329769,0.221456464482576,0.106220262806728,-0.165536637938603,0.201246934449984,-0.0188478000263196,0.0328709814142438,-0.0487915344924683,-0.0343102465125053,-0.0577114632017701,-0.0201234122233535,-0.0431598955487208,0.0103199376919809,-0.00206096623219841,-0.0289411694185631,0.0622503913406068,0.0026207240162098,-0.00313310296808456,-0.0170723048025853,-0.0105854956709271,0.0252930968835627,0.0800927476356812,-0.0800927476356812,-0.134534387796026,0.132860281042169,0.020166688996245,0.026383261875682,0.0281691903215641,0.0251005787190858,0.0173064753839784,-0.221456464482576,0.221456464482576,-0.101753979622444,-0.010533836706193,0.0496524600628491,0.071253172948891,0.00335879667307292,0.0941346131708061
0.0178908771255027,0.0347588116341476,0.0463888091966527,0.771012111938412,0.353046600230146,0.93445069475101,0.623116103207036,0.757129892932968,-0.355201732999285,-0.28245916950099,-0.355068968203116,-0.276000908266691,-0.268941971749636,0.80070414495442,-0.0239418814284981,0.556690849466299,0.110189420202372,0.661489979853473,0.0882724600401733,0.555948379799187,0.204789137906021,1,0.351870794319737,0.172272611087665,-0.220511754461139,-0.0113939952558026,0.0646308916890217,-0.03390051270769,0.0436337365963782,-0.106574162886306,-0.0506167659962226,-0.0165731527087366,-0.0596828363452241,-0.0279075092937771,-0.0360101492417405,-0.00469183769868124,0.000536265631310334,0.0211167564101044,0.0275851464899502,-0.0399787753495111,-0.0181224192269789,0.0624338248562083,-0.0422978495347884,-0.0655507595430941,0.0860994864466496,0.037855112943272,-0.0689557316165068,0.0732841309100398,-0.0324534357333759,-0.00103961398651203,0.0281174290324089,-0.00780309319980448,-0.00911686061222893,0.0208802438562983,-0.0326464127142044,0.0578754534037025,0.0299551638840257,-0.00582615785048223,-0.0501903053098681,0.0118846166171772,0.0385603003408244,0.0341318763862248,-0.0107983524600327,-0.0621328487590513,0.0181224192269789,-0.0181224192269789,-0.122971495783879,0.147057173546908,0.00816655882016448,-0.0247441275121891,0.00665630558680766,-0.0104141758067238,0.051421254077056,-0.0860994864466496,0.0860994864466496,-0.0285962563254122,-0.0167519206582664,-0.00140583644997626,0.0183156484692355,0.00845899429215883,0.0379288271781625
0.0146522445110308,-0.0300965695252836,-0.0220459083819462,0.0771507868581279,-0.563347019171694,0.0298445234245954,-0.270274861817606,-0.00811399717027996,-0.768799756041983,-0.525489758651402,-0.476446401685545,-0.194324241641094,-0.68461387490582,0.0739953125410187,0.0444333814005136,0.00243453630582691,-0.0301479090931651,0.00536282413111861,-0.0415999253857786,0.0320041866306459,-0.00492968607937494,0.351870794319737,1,-0.275609576489761,-0.322252430454629,-0.137495848767192,0.151367701081437,-0.0501715562707601,0.15191799368148,0.0535570781257953,0.00891314912641097,0.0146960725906422,0.0114202017526189,0.0296886729473208,0.0316225129621299,0.0518169633470731,0.066161026290437,0.063991219884923,0.00350606332818691,0.0723063117266428,0.095676715128197,0.0923595258472694,-0.0183713235254676,-0.0942733103838765,-0.0494052657930207,0.120189042050717,-0.311098206077274,0.0793435187861138,0.093922549355026,0.144092816461237,-0.00276028201520695,-0.0107266388400173,0.0180788094894796,0.00805505365322313,-0.0180601006563908,0.0116997392650132,-0.00597705177362143,0.0322896170788487,-0.0350322798073475,0.0527866448251645,0.060412866473029,0.0239235640755058,-0.0517397930191611,-0.0584605859471462,-0.0956767151281969,0.0956767151281969,-0.135348699387077,0.12236446515266,-0.0252740143426697,0.0410973788114019,0.00718683389995708,0.0276236396117687,0.0508951703980893,0.0494052657930207,-0.0494052657930207,-0.108724148113585,-0.0471202749741911,0.0500286361149748,0.0811003322463508,0.0399680243063959,0.0661953724126567
0.012040606203793,0.0362300228671663,0.0488300186432923,0.281764780843386,0.524760628145869,0.289524889875989,0.407868445886739,0.248342914321212,0.37716665781675,0.244784825648987,0.217297984255823,0.0685521763538252,0.378379115998503,0.361183511071987,0.0102171120558172,0.223500544644419,0.107439537014471,0.234389688206249,0.0926578943472543,0.27366411648583,0.227508213247589,0.172272611087665,-0.275609576489761,1,0.844373360198911,0.377985183213379,0.0880267429933798,0.0319174247870936,-0.0181980461714081,-0.0734625351658134,-0.0446309087099906,-0.0565147374277806,-0.0870897037701403,-0.0516113465753733,-0.0605137724526909,-0.0447282390727317,-0.0435532224178284,-0.0575349676360252,-0.00690036769394838,-0.107693129037401,-0.0999089399970485,0.0391599696656493,0.119230658356996,0.18613167218364,0.137287200414457,-0.0830205793470784,-0.208495708856591,-0.0420676740392763,-0.114878596200212,0.360150772296282,0.00597011316538062,-0.0207213114865738,-0.0497915907708226,-0.106686563890463,-0.0438440411483969,0.0158717465589405,0.00464413969061338,-0.00237105050286115,0.0789334939816998,-0.0791635113776537,-0.115347889826749,-0.0504440902305625,0.0398106708111463,0.151192579345992,0.0999089399970485,-0.0999089399970485,-0.00129138825648803,-0.0591513257424856,0.0174673185728886,0.055170883122855,0.0250793341663605,-0.00195329658576033,0.0315410582115626,-0.137287200414457,0.137287200414457,0.0724570445977212,0.0222714386901795,-0.0102140814959324,-0.0286359848470443,-0.0683420512969272,-0.0243079491126902
